10.0 0 0.0 0 1.5 0 0.0 0
10.0 0 0.0 0 1.5 0 0.0 0
10.0 -15.0000228416 0.0 0.000120878107865 1.5 0.0649951188565 0.0 -21.605260849
10.0 -15.0000228416 0.0 0.000120878107865 1.5 0.0649951188565 0.0 -21.8455791473
10.0 -15.0000228416 0.0 0.000120878107865 1.5 0.0649951188565 0.0 -21.8455791473
10.0 -15.0000224349 0.0 0.000120879057153 1.5 0.0649947551847 0.0 -21.8455791473
10.0 -15.0000236069 0.0 0.000118804589249 1.5 0.0649968145914 0.0 -21.7420978546
10.0 -15.0000236069 0.0 0.000118804589249 1.5 0.0649968145914 0.0 -21.7420978546
10.0 -15.0000238066 0.0 0.000120114124814 1.5 0.0649999991757 0.0 -21.1627960205
10.0 -15.0000238066 0.0 0.000120114124814 1.5 0.0649999991757 0.0 -21.1627960205
10.0 -15.0000264566 0.0 0.00011874856706 1.5 0.0649889135271 0.0 -21.3204116821
10.0 -15.0000264566 0.0 0.00011874856706 1.5 0.0649889135271 0.0 -21.3204116821
10.0 -15.0000252755 0.0 0.000118103715383 1.5 0.0649913217059 0.0 -21.534538269
10.0 -15.0000252755 0.0 0.000118103715383 1.5 0.0649913217059 0.0 -21.534538269
10.0 -15.0000252006 0.0 0.00012004131427 1.5 0.0649968145914 0.0 -22.3201637268
10.0 -15.0000252006 0.0 0.00012004131427 1.5 0.0649968145914 0.0 -22.3201637268
10.0 -15.0000254002 0.0 0.000121350853248 1.5 0.0649999991757 0.0 -21.6307277679
10.0 -15.0000254002 0.0 0.000121350853248 1.5 0.0649999991757 0.0 -21.6307277679
10.0 -15.0000261123 0.0 0.000120431348344 1.5 0.0649959381997 0.0 -22.2646427155
10.0 -15.0000261123 0.0 0.000120431348344 1.5 0.0649959381997 0.0 -22.2646427155
10.0 -15.0000256222 0.0 0.000123352497211 1.5 0.0649947551847 0.0 -20.8847427368
10.0 -15.0000256222 0.0 0.000123352497211 1.5 0.0649947551847 0.0 -20.8847427368
10.0 -15.00002656 0.0 0.000123763811386 1.5 0.0649951188569 0.0 -21.9845142365
10.0 -15.00002656 0.0 0.000123763811386 1.5 0.0649951188569 0.0 -21.9845142365
10.0 -15.0000270442 0.0 0.000122628714845 1.5 0.0649999991196 0.0 -21.2965450287
10.0 -15.0000270442 0.0 0.000122628714845 1.5 0.0649999991196 0.0 -21.2965450287
10.0 -15.0000277059 0.0 0.000121668112872 1.5 0.0649959381997 0.0 -21.4387111664
10.0 -15.0000277059 0.0 0.000121668112872 1.5 0.0649959381997 0.0 -21.4387111664
10.0 -15.0000284758 0.0 0.000120793404086 1.5 0.0649918884209 0.0 -21.0962524414
10.0 -15.0000284758 0.0 0.000120793404086 1.5 0.0649918884209 0.0 -21.0962524414
10.0 -15.0000286744 0.0 0.000125536185202 1.5 0.0649936999618 0.0 -21.8812828064
10.0 -15.0000286744 0.0 0.000125536185202 1.5 0.0649936999618 0.0 -21.8812828064
10.0 -15.000028919 0.0 0.000122927103884 1.5 0.0649968145914 0.0 -21.8283138275
10.0 -15.000028919 0.0 0.000122927103884 1.5 0.0649968145914 0.0 -21.8283138275
10.0 -15.0000292995 0.0 0.000122904902574 1.5 0.0649959381997 0.0 -21.8817081451
10.0 -15.0000292995 0.0 0.000122904902574 1.5 0.0649959381997 0.0 -21.8817081451
10.0 -15.0000300695 0.0 0.000122030205587 1.5 0.064991888421 0.0 -22.0515556335
10.0 -15.0000300695 0.0 0.000122030205587 1.5 0.064991888421 0.0 -22.0515556335
10.0 -15.0000293405 0.0 0.000126238304542 1.5 0.0649947551847 0.0 -22.0473766327
10.0 -15.0000293405 0.0 0.000126238304542 1.5 0.0649947551847 0.0 -22.0473766327
10.0 -15.0000307992 0.0 0.00012718526381 1.5 0.0649936999618 0.0 -21.4492053986
10.0 -15.0000307992 0.0 0.00012718526381 1.5 0.0649936999618 0.0 -21.4492053986
10.0 -15.0000310148 0.0 0.000126991936436 1.5 0.064994932456 0.0 -21.8698921204
10.0 -15.0000307122 0.0 0.000125473463169 1.5 0.0649999991757 0.0 -22.1607017517
10.0 -15.0000333623 0.0 0.000124108074859 1.5 0.0649889135268 0.0 -21.5669193268
10.0 -15.0000333623 0.0 0.000124108074859 1.5 0.0649889135268 0.0 -21.5669193268
10.0 -15.0000313407 0.0 0.00012747420301 1.5 0.0649951188573 0.0 -21.3580226898
10.0 -15.0000321812 0.0 0.000123463150956 1.5 0.0649913217059 0.0 -21.3580226898
10.0 -15.0000318719 0.0 0.00012788648273 1.5 0.0649951188573 0.0 -21.1630172729
10.0 -15.0000318719 0.0 0.00012788648273 1.5 0.0649951188573 0.0 -21.1630172729
10.0 -15.0000323592 0.0 0.000126751974913 1.5 0.0649999991895 0.0 -22.2369422913
10.0 -15.0000323592 0.0 0.000126751974913 1.5 0.0649999991895 0.0 -22.2369422913
10.0 -15.0000330179 0.0 0.000125790843105 1.5 0.0649959381997 0.0 -21.167098999
10.0 -15.0000330179 0.0 0.000125790843105 1.5 0.0649959381997 0.0 -21.167098999
10.0 -15.0000337878 0.0 0.000124916173649 1.5 0.0649918884212 0.0 -21.8336353302
10.0 -15.0000337878 0.0 0.000124916173649 1.5 0.0649918884212 0.0 -21.8336353302
10.0 -15.0000334654 0.0 0.000129123338673 1.5 0.0649951188575 0.0 -21.4308223724
10.0 -15.0000334654 0.0 0.000129123338673 1.5 0.0649951188575 0.0 -21.5886383057
10.0 -15.0000339497 0.0 0.000127988274943 1.5 0.0649999991196 0.0 -20.9931945801
10.0 -15.0000339497 0.0 0.000127988274943 1.5 0.0649999991196 0.0 -20.9931945801
10.0 -15.0000346114 0.0 0.000127027716715 1.5 0.0649959381997 0.0 -21.5661239624
10.0 -15.0000346114 0.0 0.000127027716715 1.5 0.0649959381997 0.0 -21.5661239624
10.0 -15.0000353684 0.0 0.000125936896034 1.5 0.0649913217059 0.0 -22.0626449585
10.0 -15.0000353684 0.0 0.000125936896034 1.5 0.0649913217059 0.0 -22.0626449585
10.0 -15.0000350589 0.0 0.000130360219787 1.5 0.0649951188576 0.0 -22.0860061646
10.0 -15.0000350589 0.0 0.000130360219787 1.5 0.0649951188576 0.0 -22.0860061646
10.0 -15.0000361109 0.0 0.00013130815611 1.5 0.0649936999618 0.0 -21.9244613647
10.0 -15.0000361109 0.0 0.00013130815611 1.5 0.0649936999618 0.0 -21.9244613647
10.0 -15.000036024 0.0 0.000129596352783 1.5 0.0649999991757 0.0 -21.8681602478
10.0 -15.000036024 0.0 0.000129596352783 1.5 0.0649999991757 0.0 -21.8681602478
10.0 -15.0000386741 0.0 0.000128231094818 1.5 0.0649889135266 0.0 -21.4532527924
10.0 -15.0000386741 0.0 0.000128231094818 1.5 0.0649889135266 0.0 -21.4532527924
10.0 -15.0000370252 0.0 0.000131118907242 1.5 0.0649970618672 0.0 -22.0448608398
10.0 -15.0000370252 0.0 0.000131118907242 1.5 0.0649970618672 0.0 -22.0448608398
10.0 -15.0000377043 0.0 0.000132545078337 1.5 0.0649936999618 0.0 -21.1945533752
10.0 -15.0000377043 0.0 0.000132545078337 1.5 0.0649936999618 0.0 -21.1945533752
10.0 -15.0000376709 0.0 0.000130874951229 1.5 0.0649999991895 0.0 -22.2469520569
10.0 -15.0000376709 0.0 0.000130874951229 1.5 0.0649999991895 0.0 -22.2469520569
10.0 -15.0000383296 0.0 0.000129913853028 1.5 0.0649959381997 0.0 -21.4069747925
10.0 -15.0000383296 0.0 0.000129913853028 1.5 0.0649959381997 0.0 -21.4069747925
10.0 -15.0000390996 0.0 0.000129039222905 1.5 0.0649918884215 0.0 -21.6226177216
10.0 -15.0000390996 0.0 0.000129039222905 1.5 0.0649918884215 0.0 -21.6226177216
10.0 -15.0000383703 0.0 0.000133247264336 1.5 0.0649947551847 0.0 -21.2025623322
10.0 -15.0000383703 0.0 0.000133247264336 1.5 0.0649947551847 0.0 -21.2025623322
10.0 -15.0000392613 0.0 0.00013211133512 1.5 0.0649999991196 0.0 -21.9833240509
10.0 -15.0000392613 0.0 0.00013211133512 1.5 0.0649999991196 0.0 -21.9833240509
10.0 -15.0000397421 0.0 0.000132482541924 1.5 0.0649999991757 0.0 -22.1165885925
10.0 -15.0000397421 0.0 0.000132482541924 1.5 0.0649999991757 0.0 -22.1165885925
10.0 -15.0000423923 0.0 0.000131117375203 1.5 0.0649889135265 0.0 -22.0728549957
10.0 -15.0000423923 0.0 0.000131117375203 1.5 0.0649889135265 0.0 -22.0728549957
10.0 -15.0000399638 0.0 0.000134484223497 1.5 0.0649947551847 0.0 -22.0262737274
10.0 -15.0000399638 0.0 0.000134484223497 1.5 0.0649947551847 0.0 -22.0262737274
10.0 -15.0000414224 0.0 0.000135431328087 1.5 0.0649936999617 0.0 -21.1711597443
10.0 -15.0000414224 0.0 0.000135431328087 1.5 0.0649936999617 0.0 -21.1711597443
10.0 -15.0000434546 0.0 0.000131942051912 1.5 0.0649889135264 0.0 -20.7443847656
10.0 -15.0000434546 0.0 0.000131942051912 1.5 0.0649889135264 0.0 -20.7443847656
10.0 -15.0000420477 0.0 0.000132800126385 1.5 0.0649959381997 0.0 -21.2303371429
10.0 -15.0000420477 0.0 0.000132800126385 1.5 0.0649959381997 0.0 -21.2303371429
10.0 -15.0000428047 0.0 0.000131709359446 1.5 0.0649913217058 0.0 -22.0221176147
10.0 -15.0000428047 0.0 0.000131709359446 1.5 0.0649913217058 0.0 -22.0221176147
10.0 -15.0000427295 0.0 0.0001336469509 1.5 0.0649968145915 0.0 -22.2294845581
10.0 -15.0000427295 0.0 0.0001336469509 1.5 0.0649968145915 0.0 -22.2294845581
10.0 -15.0000429824 0.0 0.000134998207222 1.5 0.0649999991895 0.0 -22.0097732544
10.0 -15.0000429824 0.0 0.000134998207222 1.5 0.0649999991895 0.0 -22.0097732544
10.0 -15.0000438801 0.0 0.000132750206364 1.5 0.0649918884217 0.0 -21.6862297058
10.0 -15.0000438801 0.0 0.000132750206364 1.5 0.0649918884217 0.0 -21.6862297058
10.0 -15.0000443982 0.0 0.000132946387209 1.5 0.0649913217058 0.0 -21.383266449
10.0 -15.0000443982 0.0 0.000132946387209 1.5 0.0649913217058 0.0 -21.383266449
10.0 -15.0000440884 0.0 0.000137369688215 1.5 0.0649951188584 0.0 -21.8970222473
10.0 -15.0000440884 0.0 0.000137369688215 1.5 0.0649951188584 0.0 -21.8970222473
10.0 -15.0000448541 0.0 0.000135296325941 1.5 0.0649968145915 0.0 -22.4430446625
10.0 -15.0000448541 0.0 0.000135296325941 1.5 0.0649968145915 0.0 -22.4430446625
10.0 -15.0000450535 0.0 0.00013660590699 1.5 0.0649999991757 0.0 -21.2998905182
10.0 -15.0000450535 0.0 0.00013660590699 1.5 0.0649999991757 0.0 -21.2998905182
10.0 -15.0000459916 0.0 0.000134183440143 1.5 0.0649913217058 0.0 -20.8664054871
10.0 -15.0000459916 0.0 0.000134183440143 1.5 0.0649913217058 0.0 -20.8664054871
10.0 -15.0000460547 0.0 0.000138128549774 1.5 0.0649970618672 0.0 -21.4686565399
10.0 -15.0000460547 0.0 0.000138128549774 1.5 0.0649970618672 0.0 -21.4686565399
10.0 -15.0000461692 0.0 0.000137472295059 1.5 0.0649999991895 0.0 -22.0274238586
10.0 -15.0000461692 0.0 0.000137472295059 1.5 0.0649999991895 0.0 -22.0274238586
10.0 -15.0000467004 0.0 0.00013788465282 1.5 0.0649999991895 0.0 -21.3186645508
10.0 -15.0000467004 0.0 0.00013788465282 1.5 0.0649999991895 0.0 -21.3186645508
10.0 -15.0000475981 0.0 0.000135636683449 1.5 0.0649918884219 0.0 -21.0677261353
10.0 -15.0000475981 0.0 0.000135636683449 1.5 0.0649918884219 0.0 -21.0677261353
10.0 -15.0000468685 0.0 0.000139844670712 1.5 0.0649947551847 0.0 -21.5082187653
10.0 -15.0000468685 0.0 0.000139844670712 1.5 0.0649947551847 0.0 -21.5082187653
10.0 -15.0000478062 0.0 0.000140256174838 1.5 0.0649951188587 0.0 -21.7515182495
10.0 -15.0000478062 0.0 0.000140256174838 1.5 0.0649951188587 0.0 -21.7515182495
10.0 -15.0000482403 0.0 0.000139080060268 1.5 0.0649999991757 0.0 -22.0536842346
10.0 -15.0000482403 0.0 0.000139080060268 1.5 0.0649999991757 0.0 -22.0536842346
10.0 -15.0000490737 0.0 0.000141010951533 1.5 0.0649949324561 0.0 -21.5796432495
10.0 -15.0000490737 0.0 0.000141010951533 1.5 0.0649949324561 0.0 -21.5796432495
10.0 -15.0000497096 0.0 0.000137069994872 1.5 0.0649913217058 0.0 -21.0917015076
10.0 -15.0000497096 0.0 0.000137069994872 1.5 0.0649913217058 0.0 -21.0917015076
10.0 -15.0000499203 0.0 0.000142028984952 1.5 0.0649936999617 0.0 -21.3216171265
10.0 -15.0000499203 0.0 0.000142028984952 1.5 0.0649936999617 0.0 -21.3216171265
10.0 -15.000049884 0.0 0.000140358294487 1.5 0.0649999991196 0.0 -21.5729866028
10.0 -15.000049884 0.0 0.000140358294487 1.5 0.0649999991196 0.0 -21.5729866028
10.0 -15.0000503647 0.0 0.000140729551717 1.5 0.0649999991757 0.0 -21.752954483
10.0 -15.0000503647 0.0 0.000140729551717 1.5 0.0649999991757 0.0 -21.752954483
10.0 -15.000051303 0.0 0.000138307131705 1.5 0.0649913217058 0.0 -21.7085266113
10.0 -15.000053015 0.0 0.0001393646457 1.5 0.064988913526 0.0 -21.7085266113
10.0 -15.0000505862 0.0 0.000142731261126 1.5 0.0649947551847 0.0 -21.3675422668
10.0 -15.0000505862 0.0 0.000142731261126 1.5 0.0649947551847 0.0 -21.3675422668
10.0 -15.0000520447 0.0 0.000143678511028 1.5 0.0649936999616 0.0 -21.9473152161
10.0 -15.0000520447 0.0 0.000143678511028 1.5 0.0649936999616 0.0 -21.9473152161
10.0 -15.0000519581 0.0 0.000141966699668 1.5 0.0649999991757 0.0 -21.4248828888
10.0 -15.0000519581 0.0 0.000141966699668 1.5 0.0649999991757 0.0 -21.4248828888
10.0 -15.0000526704 0.0 0.000141047376791 1.5 0.0649959381997 0.0 -21.5449752808
10.0 -15.0000526704 0.0 0.000141047376791 1.5 0.0649959381997 0.0 -21.5449752808
10.0 -15.0000529591 0.0 0.000143489409988 1.5 0.0649970618672 0.0 -21.5988540649
10.0 -15.0000529591 0.0 0.000143489409988 1.5 0.0649970618672 0.0 -21.5988540649
10.0 -15.0000531173 0.0 0.000144379964861 1.5 0.0649951188592 0.0 -21.7794017792
10.0 -15.0000531173 0.0 0.000144379964861 1.5 0.0649951188592 0.0 -21.7794017792
10.0 -15.0000536048 0.0 0.000143245558196 1.5 0.0649999991895 0.0 -21.6102962494
10.0 -15.0000536048 0.0 0.000143245558196 1.5 0.0649999991895 0.0 -21.6102962494
10.0 -15.0000562017 0.0 0.000141839044983 1.5 0.0649889135259 0.0 -21.7162075043
10.0 -15.0000562017 0.0 0.000141839044983 1.5 0.0649889135259 0.0 -21.7162075043
10.0 -15.0000550208 0.0 0.000141193882193 1.5 0.0649913217058 0.0 -21.7669830322
10.0 -15.0000550208 0.0 0.000141193882193 1.5 0.0649913217058 0.0 -21.7669830322
10.0 -15.0000543039 0.0 0.000145617988565 1.5 0.0649947551847 0.0 -21.3742084503
10.0 -15.0000543039 0.0 0.000145617988565 1.5 0.0649947551847 0.0 -21.3742084503
10.0 -15.0000551981 0.0 0.000144482757322 1.5 0.0649999991895 0.0 -21.1668052673
10.0 -15.0000551981 0.0 0.000144482757322 1.5 0.0649999991895 0.0 -21.1668052673
10.0 -15.0000556757 0.0 0.000144853476095 1.5 0.0649999991757 0.0 -21.5908546448
10.0 -15.0000556757 0.0 0.000144853476095 1.5 0.0649999991757 0.0 -21.5908546448
10.0 -15.0000566141 0.0 0.000142431102922 1.5 0.0649913217057 0.0 -21.6874923706
10.0 -15.0000566141 0.0 0.000142431102922 1.5 0.0649913217057 0.0 -21.6874923706
10.0 -15.0000568245 0.0 0.000147390108291 1.5 0.0649936999616 0.0 -21.3839530945
10.0 -15.0000568245 0.0 0.000147390108291 1.5 0.0649936999616 0.0 -21.3839530945
10.0 -15.0000567883 0.0 0.000145719417932 1.5 0.0649999991196 0.0 -21.9018993378
10.0 -15.0000567883 0.0 0.000145719417932 1.5 0.0649999991196 0.0 -21.9018993378
10.0 -15.0000573225 0.0 0.000146132395305 1.5 0.0649999991895 0.0 -21.4883003235
10.0 -15.0000573225 0.0 0.000146132395305 1.5 0.0649999991895 0.0 -21.4883003235
10.0 -15.0000582074 0.0 0.000143668348818 1.5 0.0649913217057 0.0 -22.3048496246
10.0 -15.0000582074 0.0 0.000143668348818 1.5 0.0649913217057 0.0 -22.3048496246
